4.0 137.0 0.0 0.0 0.0 0.0 0.0 0.0 0.0 0.0 0.0 0.0 0.0 0.0 0.0 0.0 0.0 0.0 0.0 0.0
4.0 137.0 -119.0 179.0 0.0 0.0 0.0 0.0 0.0 0.0 0.0 0.0 0.0 0.0 0.0 0.0 0.0 0.0 0.0 0.0
4.0 137.0 228.0 -360.0 0.0 0.0 0.0 0.0 0.0 0.0 0.0 0.0 0.0 0.0 0.0 0.0 0.0 0.0 0.0 0.0
4.0 137.0 224.0 -523.0 -82.0 76.0 0.0 0.0 0.0 0.0 0.0 0.0 0.0 0.0 0.0 0.0 0.0 0.0 0.0 0.0
4.0 137.0 224.0 -523.0 5.0 -62.0 0.0 0.0 0.0 0.0 0.0 0.0 0.0 0.0 0.0 0.0 0.0 0.0 0.0 0.0
4.0 137.0 224.0 -523.0 5.0 -62.0 135.0 -164.0 0.0 0.0 0.0 0.0 0.0 0.0 0.0 0.0 0.0 0.0 0.0 0.0
4.0 137.0 224.0 -523.0 -26.0 68.0 135.0 -164.0 0.0 0.0 0.0 0.0 0.0 0.0 0.0 0.0 0.0 0.0 0.0 0.0
4.0 137.0 331.0 -758.0 -26.0 68.0 135.0 -164.0 0.0 0.0 0.0 0.0 0.0 0.0 0.0 0.0 0.0 0.0 0.0 0.0
4.0 137.0 331.0 -758.0 -26.0 68.0 135.0 -164.0 -55.0 62.0 0.0 0.0 0.0 0.0 0.0 0.0 0.0 0.0 0.0 0.0
4.0 137.0 331.0 -758.0 -26.0 68.0 135.0 -164.0 -55.0 62.0 1.0 -21.0 0.0 0.0 0.0 0.0 0.0 0.0 0.0 0.0
4.0 137.0 331.0 -758.0 -26.0 68.0 135.0 -164.0 -55.0 62.0 1.0 -21.0 78.0 -59.0 0.0 0.0 0.0 0.0 0.0 0.0
4.0 137.0 331.0 -758.0 -26.0 68.0 135.0 -164.0 -55.0 62.0 1.0 -21.0 78.0 -59.0 192.0 -92.0 0.0 0.0 0.0 0.0
4.0 137.0 331.0 -758.0 -26.0 68.0 135.0 -164.0 -55.0 62.0 1.0 -21.0 78.0 -59.0 192.0 -92.0 -59.0 38.0 0.0 0.0
4.0 137.0 331.0 -758.0 -26.0 68.0 135.0 -164.0 -55.0 62.0 1.0 -21.0 78.0 -59.0 192.0 -92.0 -59.0 38.0 158.0 -201.0
-364.0 240.0 331.0 -758.0 -26.0 68.0 135.0 -164.0 -55.0 62.0 1.0 -21.0 78.0 -59.0 192.0 -92.0 -59.0 38.0 158.0 -201.0
-364.0 240.0 1095.0 -1219.0 -26.0 68.0 135.0 -164.0 -55.0 62.0 1.0 -21.0 78.0 -59.0 192.0 -92.0 -59.0 38.0 158.0 -201.0 
-364.0 240.0 1082.0 -1427.0 -128.0 145.0 135.0 -164.0 -55.0 62.0 1.0 -21.0 78.0 -59.0 192.0 -92.0 -59.0 38.0 158.0 -201.0
-364.0 240.0 1082.0 -1427.0 -128.0 145.0 135.0 -164.0 -17.0 -19.0 1.0 -21.0 78.0 -59.0 192.0 -92.0 -59.0 38.0 158.0 -201.0
-364.0 240.0 1082.0 -1427.0 -128.0 145.0 135.0 -164.0 -17.0 -19.0 -71.0 21.0 78.0 -59.0 192.0 -92.0 -59.0 38.0 158.0 -201.0
-364.0 240.0 1082.0 -1427.0 -128.0 145.0 349.0 -426.0 -17.0 -19.0 -71.0 21.0 55.0 -70.0 192.0 -92.0 -59.0 38.0 158.0 -201.0
-364.0 240.0 1082.0 -1427.0 -236.0 231.0 349.0 -426.0 -17.0 -19.0 -71.0 21.0 55.0 -70.0 192.0 -92.0 -59.0 38.0 158.0 -201.0
-364.0 240.0 1082.0 -1427.0 -81.0 143.0 349.0 -426.0 -17.0 -19.0 -71.0 21.0 55.0 -70.0 192.0 -92.0 -59.0 38.0 158.0 -201.0
-364.0 240.0 1192.0 -1606.0 -81.0 143.0 349.0 -426.0 -17.0 -19.0 -71.0 21.0 55.0 -70.0 192.0 -92.0 -59.0 38.0 158.0 -201.0
-364.0 240.0 1090.0 -1426.0 -21.0 170.0 349.0 -426.0 -17.0 -19.0 -71.0 21.0 55.0 -70.0 192.0 -92.0 -59.0 38.0 158.0 -201.0
-364.0 240.0 1090.0 -1426.0 -21.0 170.0 349.0 -426.0 -17.0 -19.0 -144.0 83.0 55.0 -70.0 192.0 -92.0 -59.0 38.0 158.0 -201.0